TEAM,GP,PA,PA/G,YDS/G,PYDS,PYDS/G,RYDS,RYDS/G,SCK,SCK_YDS,DEF_INT,INTTD,FF,FUMR,FUMTD,HUR,PDEF,SFTY
Houston Texans,6,88,14.7,274.2,1074,179.0,571,95.2,14,108,7,0,4,3,1,9,27,0
Los Angeles Rams,7,117,16.7,314.1,1458,208.3,741,105.9,26,171,4,0,7,6,0,16,38,0
Atlanta Falcons,6,120,20.0,265.2,847,141.2,744,124.0,15,87,6,0,4,3,0,6,27,0
Kansas City Chiefs,7,124,17.7,280.3,1222,174.6,740,105.7,15,55,4,0,3,3,0,6,22,0
Green Bay Packers,6,125,20.8,288.5,1272,212.0,459,76.5,18,112,2,0,1,1,0,17,24,0
Minnesota Vikings,6,125,20.8,301.7,1104,184.0,706,117.7,16,97,2,1,8,5,1,25,15,0
Denver Broncos,7,127,18.1,273.1,1259,179.9,653,93.3,34,202,2,0,4,3,0,22,39,0
New England Patriots,7,133,19.0,312.9,1650,235.7,540,77.1,18,109,5,0,4,4,1,14,20,0
Seattle Seahawks,7,136,19.4,305.9,1611,230.1,530,75.7,23,165,8,0,0,0,0,37,40,0
Buffalo Bills,6,137,22.8,323.5,1003,167.2,938,156.3,15,84,2,0,8,3,0,25,16,0
San Francisco 49ers,7,138,19.7,317.4,1516,216.6,706,100.9,9,60,0,0,8,6,0,10,21,0
Indianapolis Colts,7,140,20.0,345.7,1788,255.4,632,90.3,19,126,9,1,2,2,0,29,34,0
Pittsburgh Steelers,6,140,23.3,374.7,1553,258.8,695,115.8,22,141,5,0,7,5,0,21,37,0
Detroit Lions,7,151,21.6,300.0,1486,212.3,614,87.7,23,144,7,0,9,4,0,22,42,1
Cleveland Browns,7,152,21.7,256.1,1216,173.7,577,82.4,18,129,5,1,7,3,0,14,25,0
Carolina Panthers,7,152,21.7,295.7,1422,203.1,648,92.6,11,69,6,1,1,1,0,11,28,0
Arizona Cardinals,7,154,22.0,335.7,1644,234.9,706,100.9,12,80,4,0,5,3,1,17,40,1
Chicago Bears,6,155,25.8,350.0,1274,212.3,826,137.7,12,56,11,1,4,5,0,12,27,0
Jacksonville Jaguars,7,155,22.1,336.9,1720,245.7,638,91.1,8,59,10,1,5,4,0,28,45,0
Los Angeles Chargers,7,163,23.3,315.9,1346,192.3,865,123.6,17,96,6,0,2,1,0,17,35,0
Philadelphia Eagles,7,165,23.6,349.1,1549,221.3,895,127.9,11,61,5,1,4,2,0,14,36,0
Washington Commanders,7,170,24.3,364.3,1668,238.3,882,126.0,19,120,2,0,4,1,0,15,31,1
Tampa Bay Buccaneers,7,175,25.0,328.0,1603,229.0,693,99.0,20,158,5,1,4,3,0,16,30,1
New York Giants,7,177,25.3,376.0,1717,245.3,915,130.7,15,110,4,0,3,1,0,18,40,0
Las Vegas Raiders,7,180,25.7,328.6,1576,225.1,724,103.4,15,101,3,0,5,4,0,16,25,0
New York Jets,7,183,26.1,326.4,1380,197.1,905,129.3,10,63,0,0,7,1,0,14,29,1
New Orleans Saints,7,186,26.6,335.7,1444,206.3,906,129.4,14,75,4,0,6,5,1,23,31,0
Tennessee Titans,7,192,27.4,349.6,1470,210.0,977,139.6,13,93,4,0,1,5,1,9,19,0
Baltimore Ravens,6,194,32.3,380.8,1479,246.5,806,134.3,8,53,1,0,3,2,1,9,14,0
Dallas Cowboys,7,205,29.3,401.6,1822,260.3,989,141.3,15,116,3,1,5,3,0,47,15,0
Miami Dolphins,7,205,29.3,363.1,1427,203.9,1115,159.3,14,92,1,0,6,5,0,18,18,0
Cincinnati Bengals,7,214,30.6,394.4,1800,257.1,961,137.3,11,58,8,0,2,1,0,17,30,0
