PLAYER,TEAM,GP,GS,COMP,PATT,ATT/G,PCT,PYDS,PAVG,PYDS/G,PTD,LNG,INT,SCK,SCKYDS,QBR
Justin Herbert,LAC,7,7,183,271,38.7,67.5,1913,7.1,273.3,13,60,6,20,121,94.5
Dak Prescott,DAL,7,7,185,259,37.0,71.4,1881,7.3,268.7,16,74,3,8,43,107.6
Matthew Stafford,LAR,7,7,160,242,34.6,66.1,1866,7.7,266.6,17,88,2,11,69,109.3
Patrick Mahomes,KC,7,7,164,248,35.4,66.1,1800,7.3,257.1,14,49,2,11,70,102.9
Daniel Jones,IND,7,7,152,214,30.6,71.0,1790,8.4,255.7,10,75,3,6,48,105.9
Baker Mayfield,TB,7,7,157,245,35.0,64.1,1767,7.2,252.4,13,77,2,14,92,99.8
Sam Darnold,SEA,7,7,131,192,27.4,68.2,1754,9.1,250.6,12,61,4,9,58,109.2
Drake Maye,NE,7,7,152,202,28.9,75.2,1744,8.6,249.1,12,55,2,22,77,116.4
Jared Goff,DET,7,7,152,203,29.0,74.9,1631,8.0,233.0,15,64,3,13,69,116.4
Trevor Lawrence,JAX,7,7,152,259,37.0,58.7,1620,6.3,231.4,9,46,5,20,114,80.6
Bo Nix,DEN,7,7,160,256,36.6,62.5,1556,6.1,222.3,11,52,4,8,50,87.3
Jalen Hurts,PHI,7,7,136,195,27.9,69.7,1498,7.7,214.0,11,79,1,21,107,108.9
Spencer Rattler,NO,7,7,159,235,33.6,67.7,1450,6.2,207.1,8,87,4,15,85,88.4
Jordan Love,GB,6,6,122,176,29.3,69.3,1438,8.2,239.7,10,57,2,10,83,108.1
Geno Smith,LV,7,7,133,202,28.9,65.8,1417,7.0,202.4,7,61,10,19,146,77.1
Michael Penix Jr.,ATL,6,6,119,195,32.5,61.0,1409,7.2,234.8,5,69,3,9,70,85.2
Mac Jones,SF,5,5,130,194,38.8,67.0,1404,7.2,280.8,6,56,4,12,76,89.8
Josh Allen,BUF,6,6,122,178,29.7,68.5,1397,7.8,232.8,11,51,4,12,65,103.1
Joe Flacco,CIN,6,6,153,252,42.0,60.7,1376,5.5,229.3,7,37,6,12,74,88.8
Cam Ward,TEN,7,7,136,236,33.7,57.6,1356,5.7,193.7,4,47,5,30,237,70.9
Caleb Williams,CHI,6,6,113,185,30.8,61.1,1351,7.3,225.2,9,65,3,11,75,92.9
Tua Tagovailoa,MIA,7,7,139,205,29.3,67.8,1313,6.4,187.6,11,47,10,15,80,82.8
C.J. Stroud,HOU,6,6,125,193,32.2,64.8,1305,6.8,217.5,9,50,4,15,139,91.1
Bryce Young,CAR,7,7,138,224,32.0,61.6,1288,5.8,184.0,11,40,5,11,91,84.4
Aaron Rodgers,PIT,6,6,118,172,28.7,68.6,1270,7.4,211.7,14,80,5,9,64,105.0
