PLAYER,TEAM,GP,AP_YDS,AP_YDS_G,YDS_SCRIMMAGE,YDS_SCRIMMAGE_G,RUSH_YDS,RUSH_AVG,RUSH_YDS_G,REC_YDS,REC_AVG,REC_YDS_G,KRET_YDS,KRET_AVG,PRET_YDS,PRET_AVG
Chimere Dike,TEN,7,1025,146.4,112,16.0,16,2.3,2.3,96,7.4,13.7,816,26.3,97,13.9
Christian McCaffrey,SF,7,981,140.1,981,140.1,465,3.5,66.4,516,9.7,73.7,,,,
Malik Washington,MIA,7,921,131.6,160,22.9,61,6.8,8.7,99,4.7,14.1,617,26.8,144,18.0
Bijan Robinson,ATL,6,914,152.3,914,152.3,524,5.4,87.3,390,13.0,65.0,,,,
Luke McCaffrey,WAS,7,892,127.4,179,25.6,,, ,179,22.4,25.6,713,29.7,0,
Jonathan Taylor,IND,7,882,126.0,882,126.0,697,5.3,99.6,185,8.0,26.4,,,,
Marvin Mims Jr.,DEN,7,831,118.7,270,38.6,36,9.0,5.1,234,10.6,33.4,352,27.1,209,12.3
Jaxon Smith-Njigba,SEA,7,830,118.6,830,118.6,11,3.7,1.6,819,16.4,117.0,,,,
Rico Dowdle,CAR,7,817,116.7,672,96.0,551,5.6,78.7,121,9.3,17.3,145,24.2,0,
Jahmyr Gibbs,DET,7,720,102.9,720,102.9,526,5.1,75.1,194,7.5,27.7,,,,
KaVontae Turpin,DAL,5,718,143.6,199,39.8,23,3.8,4.6,176,14.7,35.2,485,25.5,34,6.8
De'Von Achane,MIA,7,683,97.6,683,97.6,472,5.3,67.4,211,6.6,30.1,,,,
Javonte Williams,DAL,7,677,96.7,677,96.7,592,5.3,84.6,85,3.7,12.1,,,,
Puka Nacua,LAR,6,668,111.3,668,111.3,52,17.3,8.7,616,11.4,102.7,,,,
Kyren Williams,LAR,7,638,91.1,638,91.1,472,4.4,67.4,166,8.3,23.7,,,,
Ja'Marr Chase,CIN,7,635,90.7,635,90.7,6,3.0,0.9,629,10.8,89.9,,,,
James Cook III,BUF,6,626,104.3,626,104.3,537,5.0,89.5,89,7.4,14.8,,,,
Kendre Miller,NO,7,616,88.0,223,31.9,193,4.1,27.6,30,6.0,4.3,393,24.6,0,
Myles Price,MIN,6,616,102.7,0,0.0,,,,,,,,440,24.4,176,9.8
Breece Hall,NYJ,7,612,87.4,612,87.4,448,4.5,64.0,164,8.6,23.4,,,,
Greg Dortch,ARI,7,611,87.3,82,11.7,9,4.5,1.3,73,4.9,10.4,406,27.1,123,12.3
George Pickens,DAL,7,607,86.7,607,86.7,,,,607,16.9,86.7,,,,
Travis Etienne Jr.,JAX,7,594,84.9,594,84.9,514,5.3,73.4,80,5.7,11.4,,,,
Josh Jacobs,GB,6,593,98.8,593,98.8,414,3.7,69.0,179,11.2,29.8,,,,
Cam Skattebo,NYG,7,587,83.9,587,83.9,398,4.1,56.9,189,8.2,27.0,,,,
